64
4
5
9
8
2
3
0
8
4
1
5
2
8
1
2
3
2
6
0
7
0
9
1
1
2
1
0
0
1
6
6
6
3
7
5
5
0
2
0
1
8
3
8
3
0
5
3
4
9
2
8
5
4
6
1
7
1
5
0
1
1
5
4
7

9
6
6
2
8
6
5
9
7
1
2
1
6
6
6
6
2
9
7
2
9
9
3
2
6
4
6
4
4
9
2
4
4
8
4
2
8
7
9
4
7
1
9
7
7
9
4
7
9
9
8
3
9
3
1
0
3
2
3
2
7
4
8
9

2
4
8
4
2
9
9
5
7
1
5
1
1
6
1
0
4
5
7
8
2
2
4
4
3
8
2
7
8
2
7
5
8
3
9
3
5
8
4
5
7
9
9
6
0
1
3
3
1
1
9
1
2
9
9
9
3
4
8
0
4
1
7
7

2
9
8
8
8
0
5
0
6
6
3
4
1
5
7
7
0
7
4
8
3
3
4
5
3
8
7
1
7
8
3
4
6
3
1
5
2
2
6
2
9
4
7
7
5
7
1
5
7
3
2
8
9
9
0
6
6
7
0
5
3
9
8
9
